    0.00   56.63   56.63   56.63   56.63   56.63   56.63   56.63   56.63   56.63   56.63   56.63   56.63   56.63   56.63   56.63   56.63
   60.00   56.63   56.63   56.63   56.63   56.63   56.63   56.63   56.63   56.63   56.63   56.63   56.63   56.63   56.63   56.63   56.63
  120.00   56.63   56.63   56.63   56.63   56.63   56.63   56.63   56.63   56.63   56.63   56.63   56.63   56.63   56.63   56.63   56.63
  180.00   56.63   56.63   56.63   56.63   56.63   56.63   56.63   56.63   56.63   56.63   56.63   56.63   56.63   56.63   56.63   56.63
  240.00   56.63   56.63   56.63   56.63   56.63   56.63   56.63   56.63   56.63   56.63   56.63   56.63   56.63   56.63   56.63   56.63
  300.00   56.63   56.63   56.63   56.63   56.63   56.63   56.63   56.63   56.63   56.63   56.63   56.63   56.63   56.63   56.63   56.63
  360.00   56.63   56.63   56.63   56.63   56.63   56.63   56.63   56.63   56.63   56.63   56.63   56.63   56.63   56.63   56.63   56.63
  420.00   56.63   56.63   56.63   56.63   56.63   56.63   56.63   56.63   56.63   56.63   56.63   56.63   56.63   56.63   56.63   56.63
  480.00   56.63   56.63   56.63   56.63   56.63   56.63   56.63   56.63   56.63   56.63   56.63   56.63   56.63   56.63   56.63   56.63
  540.00   56.63   56.63   56.63   56.63   56.63   56.63   56.63   56.63   56.63   56.63   56.63   56.63   56.63   56.63   56.63   56.63
  600.00   56.63   56.63   56.63   56.63   56.63   56.63   56.63   56.63   56.63   56.63   56.63   56.63   56.63   56.63   56.63   56.63
  660.00   56.63   56.63   56.63   56.63   56.63   56.63   56.63   56.63   56.63   56.63   56.63   56.63   56.63   56.63   56.63   56.63
  720.00   56.63   56.63   56.63   56.63   56.63   56.63   56.63   56.63   56.63   56.63   56.63   56.63   56.63   56.63   56.63   56.63
  780.00   58.99   56.63   56.63   56.63   56.63   56.63   56.63   56.63   56.63   56.63   56.63   56.63   56.63   56.63   56.63   56.63
  840.00   61.35   57.43   56.63   56.63   56.63   56.63   56.63   56.63   56.63   56.63   56.63   56.63   56.63   56.63   56.63   56.63
  900.00   63.71   59.85   56.65   56.63   56.63   56.63   56.63   56.63   56.63   56.63   56.63   56.63   56.63   56.63   56.63   56.63
  960.00   66.07   62.27   58.27   56.63   56.63   56.63   56.63   56.63   56.63   56.63   56.63   56.63   56.63   56.63   56.63   56.63
 1020.00   68.43   64.69   60.76   56.90   56.63   56.63   56.63   56.63   56.63   56.63   56.63   56.63   56.63   56.63   56.63   56.63
 1080.00   70.79   67.10   63.24   59.16   56.64   56.63   56.63   56.63   56.63   56.63   56.63   56.63   56.63   56.63   56.63   56.63
 1140.00   73.15   69.52   65.71   61.71   57.53   56.63   56.63   56.63   56.63   56.63   56.63   56.63   56.63   56.63   56.63   56.63
 1200.00   75.51   71.93   68.18   64.25   60.09   56.71   56.63   56.63   56.63   56.63   56.63   56.63   56.63   56.63   56.63   56.63
 1260.00   77.87   74.33   70.65   66.79   62.72   58.39   56.64   56.63   56.63   56.63   56.63   56.63   56.63   56.63   56.63   56.63
 1320.00   80.23   76.74   73.10   69.31   65.32   61.09   57.03   56.63   56.63   56.63   56.63   56.63   56.63   56.63   56.63   56.63
 1380.00   82.59   79.14   75.56   71.83   67.91   63.77   59.35   56.66   56.63   56.63   56.63   56.63   56.63   56.63   56.63   56.63
 1440.00   84.95   81.54   78.01   74.33   70.49   66.44   62.13   57.66   56.63   56.63   56.63   56.63   56.63   56.63   56.63   56.63
 1500.00   87.31   83.94   80.45   76.83   73.05   69.09   64.88   60.38   56.78   56.63   56.63   56.63   56.63   56.63   56.63   56.63
 1560.00   89.67   86.34   82.89   79.32   75.61   71.72   67.61   63.23   58.55   56.64   56.63   56.63   56.63   56.63   56.63   56.63
 1620.00   92.03   88.73   85.33   81.81   78.15   74.33   70.31   66.05   61.47   57.14   56.63   56.63   56.63   56.63   56.63   56.63
 1680.00   94.39   91.13   87.77   84.29   80.69   76.93   73.00   68.84   64.40   59.59   56.69   56.63   56.63   56.63   56.63   56.63
 1740.00   96.75   93.52   90.20   86.77   83.22   79.52   75.66   71.60   67.28   62.63   57.80   56.64   56.63   56.63   56.63   56.63
 1800.00   99.11   95.91   92.63   89.24   85.74   82.10   78.31   74.33   70.12   65.62   60.73   56.85   56.63   56.63   56.63   56.63
 1860.00  101.47   98.30   95.05   91.71   88.25   84.67   80.94   77.04   72.93   68.56   63.85   58.74   56.65   56.63   56.63   56.63
 1920.00  103.83  100.69   97.48   94.17   90.76   87.23   83.56   79.74   75.72   71.46   66.91   61.94   57.25   56.63   56.63   56.63
 1980.00  106.19  103.08   99.90   96.63   93.26   89.78   86.17   82.41   78.48   74.33   69.91   65.13   59.88   56.72   56.63   56.63
 2040.00  108.55  105.47  102.32   99.08   95.75   92.32   88.77   85.07   81.22   77.16   72.87   68.26   63.22   57.96   56.64   56.63
 2100.00  110.91  107.86  104.74  101.53   98.24   94.85   91.35   87.72   83.93   79.97   75.78   71.32   66.49   61.15   56.92   56.63
 2160.00  113.27  110.24  107.15  103.98  100.73   97.38   93.93   90.35   86.63   82.75   78.66   74.33   69.67   64.58   58.98   56.67
 2220.00  115.63  112.63  109.57  106.43  103.21   99.90   96.50   92.97   89.32   85.51   81.51   77.29   72.79   67.91   62.50   57.37
 2280.00  117.99  115.01  111.98  108.87  105.69  102.42   99.05   95.58   91.98   88.24   84.33   80.22   75.85   71.16   66.01   60.24
 2340.00  120.35  117.40  114.39  111.31  108.16  104.93  101.61   98.18   94.64   90.96   87.13   83.11   78.86   74.33   69.41   63.95
 2400.00  122.71  119.78  116.80  113.75  110.63  107.43  104.15  100.77   97.28   93.66   89.90   85.97   81.83   77.44   72.71   67.52
 2460.00  125.07  122.16  119.21  116.19  113.10  109.93  106.69  103.35   99.91   96.35   92.66   88.81   84.76   80.49   75.93   70.97
 2520.00  127.43  124.55  121.61  118.62  115.56  112.43  109.22  105.92  102.53   99.02   95.39   91.61   87.66   83.50   79.08   74.32
 2580.00  129.79  126.93  124.02  121.05  118.02  114.92  111.75  108.49  105.14  101.68   98.11   94.40   90.53   86.47   82.18   77.59
 2640.00  132.15  129.31  126.42  123.48  120.47  117.41  114.27  111.04  107.74  104.33  100.81   97.17   93.37   89.41   85.23   80.79
 2700.00  134.51  131.69  128.82  125.91  122.93  119.89  116.78  113.60  110.33  106.97  103.50   99.92   96.19   92.31   88.24   83.93
 2760.00  136.86  134.07  131.23  128.33  125.38  122.37  119.29  116.14  112.91  109.59  106.18  102.65   98.99   95.18   91.20   87.01
 2820.00  139.22  136.45  133.63  130.75  127.83  124.84  121.80  118.68  115.49  112.21  108.84  105.36  101.77   98.03   94.14   90.05
 2880.00  141.58  138.83  136.03  133.18  130.27  127.32  124.30  121.21  118.05  114.82  111.49  108.06  104.53  100.86   97.04   93.05
 2940.00  143.94  141.21  138.42  135.60  132.72  129.78  126.79  123.74  120.61  117.41  114.13  110.75  107.27  103.66   99.92   96.02
 3000.00  146.30  143.58  140.82  138.01  135.16  132.25  129.29  126.26  123.17  120.00  116.76  113.43  109.99  106.45  102.77   98.95
 3060.00  148.66  145.96  143.22  140.43  137.60  134.71  131.77  128.78  125.72  122.59  119.38  116.09  112.71  109.22  105.61  101.86
 3120.00  151.02  148.34  145.61  142.85  140.03  137.17  134.26  131.29  128.26  125.16  121.99  118.74  115.40  111.97  108.42  104.74
 3180.00  153.38  150.72  148.01  145.26  142.47  139.63  136.74  133.80  130.80  127.73  124.60  121.39  118.09  114.70  111.21  107.59
 3240.00  155.74  153.09  150.40  147.67  144.90  142.09  139.22  136.30  133.33  130.29  127.19  124.02  120.76  117.42  113.98  110.43
 3300.00  158.10  155.47  152.80  150.09  147.34  144.54  141.70  138.80  135.86  132.85  129.78  126.64  123.43  120.13  116.74  113.24
 3360.00  160.46  157.84  155.19  152.50  149.77  146.99  144.17  141.30  138.38  135.40  132.36  129.26  126.08  122.83  119.48  116.03
 3420.00  162.82  160.22  157.58  154.91  152.19  149.44  146.64  143.79  140.90  137.95  134.94  131.87  128.73  125.51  122.21  118.81
 3480.00  165.18  162.59  159.97  157.32  154.62  151.89  149.11  146.28  143.41  140.49  137.51  134.47  131.36  128.18  124.92  121.58
 3540.00  167.54  164.97  162.36  159.72  157.05  154.33  151.57  148.77  145.92  143.03  140.07  137.06  133.99  130.85  127.63  124.32
 3600.00  169.90  167.34  164.75  162.13  159.47  156.77  154.03  151.26  148.43  145.56  142.63  139.65  136.61  133.50  130.32  127.06
 3660.00  167.54  169.65  167.14  164.53  161.89  159.21  156.49  153.74  150.93  148.08  145.18  142.23  139.22  136.14  133.00  129.78
 3720.00  165.18  167.74  169.48  166.94  164.31  161.65  158.95  156.21  153.43  150.61  147.73  144.80  141.82  138.78  135.67  132.49
 3780.00  162.82  165.39  167.93  169.30  166.73  164.09  161.41  158.69  155.93  153.12  150.27  147.37  144.42  141.41  138.33  135.19
 3840.00  160.46  163.05  165.60  168.12  169.12  166.52  163.86  161.16  158.42  155.64  152.81  149.94  147.01  144.03  140.98  137.88
 3900.00  158.10  160.70  163.27  165.80  168.31  168.94  166.31  163.63  160.91  158.15  155.35  152.49  149.59  146.64  143.63  140.55
 3960.00  155.74  158.36  160.94  163.49  166.01  168.49  168.75  166.10  163.40  160.66  157.88  155.05  152.17  149.25  146.26  143.22
 4020.00  153.38  156.01  158.61  161.17  163.70  166.21  168.67  168.55  165.88  163.16  160.40  157.60  154.75  151.84  148.89  145.88
 4080.00  151.02  153.67  156.28  158.86  161.40  163.92  166.40  168.83  168.36  165.66  162.92  160.14  157.31  154.44  151.51  148.53
 4140.00  148.66  151.33  153.95  156.54  159.10  161.63  164.13  166.60  168.96  168.15  165.44  162.68  159.88  157.03  154.13  151.17
 4200.00  146.30  148.98  151.63  154.23  156.80  159.35  161.86  164.34  166.79  169.07  167.95  165.21  162.43  159.61  156.73  153.81
 4260.00  143.94  146.64  149.30  151.92  154.51  157.06  159.58  162.08  164.54  166.98  169.15  167.74  164.99  162.18  159.33  156.44
 4320.00  141.58  144.30  146.97  149.61  152.21  154.78  157.32  159.82  162.30  164.75  167.17  169.19  167.53  164.75  161.93  159.06
 4380.00  139.22  141.96  144.65  147.30  149.92  152.50  155.05  157.57  160.05  162.52  164.95  167.36  169.19  167.32  164.52  161.67
 4440.00  136.86  139.61  142.32  144.99  147.62  150.22  152.78  155.31  157.81  160.29  162.73  165.15  167.54  169.16  167.10  164.28
 4500.00  134.51  137.27  140.00  142.68  145.33  147.94  150.52  153.06  155.57  158.06  160.51  162.94  165.35  167.72  169.11  166.88
 4560.00  132.15  134.93  137.68  140.38  143.04  145.66  148.25  150.81  153.34  155.83  158.30  160.74  163.15  165.54  167.90  169.02
 4620.00  129.79  132.59  135.35  138.07  140.75  143.39  145.99  148.56  151.10  153.61  156.09  158.54  160.96  163.36  165.73  168.06
 4680.00  127.43  130.25  133.03  135.77  138.46  141.12  143.74  146.32  148.87  151.39  153.88  156.34  158.77  161.18  163.56  165.92
 4740.00  125.07  127.91  130.71  133.47  136.18  138.85  141.48  144.08  146.64  149.17  151.67  154.14  156.59  159.00  161.40  163.77
 4800.00  122.71  125.58  128.39  131.16  133.89  136.58  139.22  141.84  144.41  146.95  149.47  151.95  154.40  156.83  159.23  161.61
 4860.00  120.35  123.24  126.08  128.87  131.61  134.31  136.97  139.60  142.19  144.74  147.27  149.76  152.23  154.66  157.07  159.46
 4920.00  117.99  120.90  123.76  126.57  129.33  132.05  134.72  137.36  139.96  142.53  145.07  147.57  150.05  152.50  154.92  157.31
 4980.00  115.63  118.56  121.44  124.27  127.05  129.78  132.48  135.13  137.75  140.33  142.87  145.39  147.88  150.34  152.77  155.17
 5040.00  113.27  116.23  119.13  121.98  124.77  127.52  130.23  132.90  135.53  138.12  140.68  143.21  145.71  148.18  150.62  153.03
 5100.00  110.91  113.89  116.81  119.68  122.50  125.27  127.99  130.67  133.32  135.92  138.50  141.04  143.54  146.02  148.47  150.90
 5160.00  108.55  111.56  114.50  117.39  120.23  123.01  125.75  128.45  131.11  133.73  136.31  138.86  141.38  143.87  146.33  148.76
 5220.00  106.19  109.22  112.19  115.10  117.96  120.76  123.52  126.23  128.90  131.54  134.13  136.70  139.23  141.72  144.19  146.64
 5280.00  103.83  106.89  109.88  112.81  115.69  118.51  121.28  124.01  126.70  129.35  131.96  134.53  137.07  139.58  142.06  144.51
 5340.00  101.47  104.56  107.57  110.53  113.42  116.26  119.05  121.80  124.50  127.16  129.78  132.37  134.92  137.44  139.93  142.39
 5400.00   99.11  102.22  105.27  108.24  111.16  114.02  116.83  119.59  122.30  124.98  127.62  130.21  132.78  135.31  137.81  140.28
 5460.00   96.75   99.89  102.96  105.96  108.90  111.78  114.60  117.38  120.11  122.80  125.45  128.06  130.64  133.18  135.69  138.17
 5520.00   94.39   97.56  100.66  103.68  106.64  109.54  112.38  115.18  117.93  120.63  123.29  125.92  128.50  131.06  133.58  136.07
 5580.00   92.03   95.23   98.36  101.41  104.39  107.31  110.17  112.98  115.74  118.46  121.14  123.77  126.37  128.94  131.47  133.97
 5640.00   89.67   92.91   96.06   99.13  102.13  105.07  107.96  110.79  113.56  116.30  118.99  121.63  124.25  126.82  129.36  131.87
 5700.00   87.31   90.58   93.76   96.86   99.89  102.85  105.75  108.59  111.39  114.14  116.84  119.50  122.12  124.71  127.26  129.78
 5760.00   84.95   88.25   91.46   94.59   97.64  100.62  103.55  106.41  109.22  111.98  114.70  117.37  120.01  122.61  125.17  127.70
 5820.00   82.59   85.93   89.17   92.32   95.40   98.41  101.35  104.23  107.06  109.83  112.56  115.25  117.90  120.51  123.08  125.62
 5880.00   80.23   83.61   86.88   90.06   93.16   96.19   99.15  102.05  104.90  107.69  110.43  113.14  115.79  118.42  121.00  123.55
 5940.00   77.87   81.29   84.59   87.80   90.93   93.98   96.96   99.88  102.74  105.55  108.31  111.02  113.70  116.33  118.92  121.48
 6000.00   75.51   78.97   82.31   85.55   88.70   91.77   94.78   97.71  100.59  103.42  106.19  108.92  111.60  114.25  116.85  119.42
 6060.00   73.15   76.65   80.02   83.29   86.47   89.57   92.60   95.55   98.45  101.29  104.08  106.82  109.52  112.17  114.79  117.37
 6120.00   70.79   74.33   77.74   81.05   84.25   87.38   90.42   93.40   96.31   99.17  101.97  104.73  107.44  110.10  112.73  115.32
 6180.00   68.43   72.02   75.47   78.80   82.04   85.19   88.25   91.25   94.18   97.06   99.87  102.64  105.36  108.04  110.68  113.28
 6240.00   66.07   69.70   73.19   76.56   79.83   83.00   86.09   89.11   92.06   94.95   97.78  100.56  103.30  105.99  108.64  111.25
 6300.00   63.71   67.39   70.92   74.33   77.62   80.82   83.94   86.97   89.94   92.85   95.70   98.49  101.24  103.94  106.60  109.22
 6360.00   61.35   65.08   68.66   72.10   75.42   78.65   81.79   84.85   87.83   90.76   93.62   96.43   99.19  101.90  104.57  107.20
 6420.00   58.99   62.78   66.40   69.87   73.23   76.48   79.65   82.72   85.73   88.67   91.55   94.37   97.14   99.87  102.55  105.19
 6480.00   56.63   60.48   64.14   67.66   71.05   74.33   77.51   80.61   83.64   86.59   89.49   92.32   95.11   97.85  100.54  103.19
 6540.00   56.63   58.18   61.89   65.44   68.87   72.17   75.38   78.51   81.55   84.52   87.43   90.28   93.08   95.83   98.53  101.19
 6600.00   56.63   56.64   59.64   63.24   66.69   70.03   73.27   76.41   79.47   82.46   85.39   88.25   91.06   93.82   96.54   99.20
 6660.00   56.63   56.63   57.42   61.04   64.53   67.90   71.16   74.32   77.41   80.41   83.35   86.23   89.06   91.83   94.55   97.23
 6720.00   56.63   56.63   56.63   58.85   62.38   65.77   69.06   72.25   75.35   78.37   81.33   84.22   87.06   89.84   92.57   95.26
 6780.00   56.63   56.63   56.63   56.91   60.23   63.66   66.97   70.18   73.30   76.34   79.31   82.22   85.07   87.86   90.60   93.30
 6840.00   56.63   56.63   56.63   56.63   58.10   61.55   64.89   68.12   71.26   74.32   77.31   80.23   83.09   85.89   88.64   91.35
 6900.00   56.63   56.63   56.63   56.63   56.71   59.46   62.82   66.08   69.24   72.31   75.31   78.25   81.12   83.93   86.70   89.41
 6960.00   56.63   56.63   56.63   56.63   56.63   57.45   60.77   64.04   67.22   70.32   73.33   76.28   79.16   81.99   84.76   87.48
 7020.00   56.63   56.63   56.63   56.63   56.63   56.65   58.73   62.02   65.22   68.33   71.36   74.32   77.22   80.05   82.83   85.57
 7080.00   56.63   56.63   56.63   56.63   56.63   56.63   57.01   60.02   63.23   66.36   69.40   72.38   75.28   78.13   80.92   83.66
 7140.00   56.63   56.63   56.63   56.63   56.63   56.63   56.64   58.05   61.26   64.40   67.46   70.44   73.36   76.22   79.02   81.77
 7200.00   56.63   56.63   56.63   56.63   56.63   56.63   56.63   56.78   59.30   62.46   65.53   68.53   71.45   74.32   77.13   79.89
 7260.00   56.63   56.63   56.63   56.63   56.63   56.63   56.63   56.63   57.48   60.53   63.61   66.62   69.56   72.43   75.25   78.02
 7320.00   56.63   56.63   56.63   56.63   56.63   56.63   56.63   56.63   56.68   58.62   61.71   64.73   67.68   70.56   73.39   76.16
 7380.00   56.63   56.63   56.63   56.63   56.63   56.63   56.63   56.63   56.63   57.08   59.83   62.86   65.82   68.71   71.54   74.32
 7440.00   56.63   56.63   56.63   56.63   56.63   56.63   56.63   56.63   56.63   56.65   58.01   61.00   63.97   66.87   69.71   72.49
 7500.00   56.63   56.63   56.63   56.63   56.63   56.63   56.63   56.63   56.63   56.63   56.84   59.16   62.13   65.04   67.89   70.68
 7560.00   56.63   56.63   56.63   56.63   56.63   56.63   56.63   56.63   56.63   56.63   56.64   57.50   60.32   63.23   66.08   68.88
 7620.00   56.63   56.63   56.63   56.63   56.63   56.63   56.63   56.63   56.63   56.63   56.63   56.71   58.54   61.44   64.29   67.09
 7680.00   56.63   56.63   56.63   56.63   56.63   56.63   56.63   56.63   56.63   56.63   56.63   56.63   57.13   59.67   62.52   65.33
 7740.00   56.63   56.63   56.63   56.63   56.63   56.63   56.63   56.63   56.63   56.63   56.63   56.63   56.66   57.98   60.77   63.58
 7800.00   56.63   56.63   56.63   56.63   56.63   56.63   56.63   56.63   56.63   56.63   56.63   56.63   56.63   56.89   59.05   61.85
 7860.00   56.63   56.63   56.63   56.63   56.63   56.63   56.63   56.63   56.63   56.63   56.63   56.63   56.63   56.64   57.52   60.13
 7920.00   56.63   56.63   56.63   56.63   56.63   56.63   56.63   56.63   56.63   56.63   56.63   56.63   56.63   56.63   56.75   58.47
 7980.00   56.63   56.63   56.63   56.63   56.63   56.63   56.63   56.63   56.63   56.63   56.63   56.63   56.63   56.63   56.64   57.17
 8040.00   56.63   56.63   56.63   56.63   56.63   56.63   56.63   56.63   56.63   56.63   56.63   56.63   56.63   56.63   56.63   56.68
 8100.00   56.63   56.63   56.63   56.63   56.63   56.63   56.63   56.63   56.63   56.63   56.63   56.63   56.63   56.63   56.63   56.63
 8160.00   56.63   56.63   56.63   56.63   56.63   56.63   56.63   56.63   56.63   56.63   56.63   56.63   56.63   56.63   56.63   56.63
 8220.00   56.63   56.63   56.63   56.63   56.63   56.63   56.63   56.63   56.63   56.63   56.63   56.63   56.63   56.63   56.63   56.63
 8280.00   56.63   56.63   56.63   56.63   56.63   56.63   56.63   56.63   56.63   56.63   56.63   56.63   56.63   56.63   56.63   56.63
 8340.00   56.63   56.63   56.63   56.63   56.63   56.63   56.63   56.63   56.63   56.63   56.63   56.63   56.63   56.63   56.63   56.63
 8400.00   56.63   56.63   56.63   56.63   56.63   56.63   56.63   56.63   56.63   56.63   56.63   56.63   56.63   56.63   56.63   56.63
 8460.00   56.63   56.63   56.63   56.63   56.63   56.63   56.63   56.63   56.63   56.63   56.63   56.63   56.63   56.63   56.63   56.63
 8520.00   56.63   56.63   56.63   56.63   56.63   56.63   56.63   56.63   56.63   56.63   56.63   56.63   56.63   56.63   56.63   56.63
 8580.00   56.63   56.63   56.63   56.63   56.63   56.63   56.63   56.63   56.63   56.63   56.63   56.63   56.63   56.63   56.63   56.63
 8640.00   56.63   56.63   56.63   56.63   56.63   56.63   56.63   56.63   56.63   56.63   56.63   56.63   56.63   56.63   56.63   56.63
 8700.00   56.63   56.63   56.63   56.63   56.63   56.63   56.63   56.63   56.63   56.63   56.63   56.63   56.63   56.63   56.63   56.63
 8760.00   56.63   56.63   56.63   56.63   56.63   56.63   56.63   56.63   56.63   56.63   56.63   56.63   56.63   56.63   56.63   56.63
 8820.00   56.63   56.63   56.63   56.63   56.63   56.63   56.63   56.63   56.63   56.63   56.63   56.63   56.63   56.63   56.63   56.63
 8880.00   56.63   56.63   56.63   56.63   56.63   56.63   56.63   56.63   56.63   56.63   56.63   56.63   56.63   56.63   56.63   56.63
 8940.00   56.63   56.63   56.63   56.63   56.63   56.63   56.63   56.63   56.63   56.63   56.63   56.63   56.63   56.63   56.63   56.63
