001  77   390.87
002  77   389.63
003  77   388.45
004  77   387.96
005  77   387.49
006  77   385.56
007  77   386.43
008  77   388.96
009  77   398.90
010  77   409.63
011  77   423.06
012  77   431.05
013  77   437.34
014  77   443.77
015  77   446.16
016  77   450.33
017  77   454.33
018  77   456.01
019  77   457.02
020  77   456.67
021  77   458.41
022  77   459.72
023  77   460.91
024  77   461.98
025  77   463.68
026  77   472.34
027  77   481.54
028  77   483.67
029  77   479.00
030  77   475.74
031  77   479.24
032  76   490.97
033  76   499.27
034  76   505.37
035  76   507.27
036  76   504.06
037  76   495.13
038  76   487.86
039  76   482.59
040  77   476.15
041  77   471.39
042  77   465.59
043  77   462.75
044  77   463.42
045  77   463.26
046  77   461.66
047  77   464.28
048  77   470.95
049  77   480.30
050  77   483.67
051  77   491.88
052  77   502.08
053  77   510.70
054  77   517.49
055  77   518.72
056  77   518.11
057  77   522.63
058  77   527.87
059  77   526.74
060  77   534.51
061  77   537.95
062  77   534.05
063  77   535.02
064  77   536.23
065  77   534.26
066  77   526.77
067  77   514.53
068  77   503.76
069  77   493.77
070  77   483.79
071  77   476.66
072  77   469.20
073  77   460.30
074  77   455.63
075  77   442.85
076  77   436.93
077  77   432.56
078  77   427.27
079  77   418.09
080  77   409.82
081  77   399.66
082  77   391.66
083  77   390.26
084  77   389.24
085  77   388.11
086  77   389.85
087  77   390.23
088  77   391.11
089  77   389.53
090  77   384.92
091  77   385.43
092  77   391.29
093  77   389.55
094  77   385.35
095  77   385.60
096  77   386.82
097  77   384.68
098  77   378.70
099  77   370.52
100  77   359.16
101  77   351.97
102  77   338.16
103  77   324.80
104  77   314.64
105  77   310.12
106  77   310.91
107  77   306.75
108  77   300.51
109  77   301.97
110  77   309.03
111  77   302.42
112  77   299.10
113  77   297.91
114  77   297.75
115  77   300.73
116  77   303.90
117  77   308.19
118  77   308.88
119  77   312.91
120  77   316.69
121  77   323.30
122  77   332.06
123  77   335.35
124  77   337.35
125  77   342.99
126  77   340.80
127  77   336.66
128  77   340.54
129  77   346.01
130  77   346.66
131  77   352.37
132  77   354.07
133  77   356.24
134  77   366.26
135  77   375.24
136  77   377.30
137  77   380.51
138  77   387.39
139  77   399.49
140  77   420.86
141  77   437.38
142  77   458.02
143  77   468.88
144  77   469.30
145  77   468.15
146  77   469.58
147  77   466.01
148  77   468.50
149  77   481.10
150  77   489.83
151  77   492.40
152  77   485.51
153  77   471.80
154  77   464.55
155  77   456.75
156  77   450.58
157  77   449.34
158  77   443.00
159  77   437.08
160  77   432.57
161  77   428.52
162  77   431.51
163  77   438.41
164  77   443.10
165  77   453.28
166  77   463.83
167  77   465.49
168  77   466.42
169  77   481.28
170  77   494.39
171  77   498.83
172  77   503.13
173  77   501.17
174  77   502.41
175  77   505.72
176  77   510.75
177  77   518.10
178  77   515.96
179  77   512.75
180  77   516.56
181  77   517.00
182  77   509.66
183  77   503.51
184  77   500.47
185  77   504.10
186  77   510.59
187  77   506.63
188  77   505.75
189  77   525.76
190  77   551.61
191  77   569.36
192  77   570.09
193  77   564.54
194  77   557.15
195  77   549.62
196  77   542.10
197  77   542.26
198  77   541.53
199  77   538.60
200  77   537.72
201  77   531.71
202  77   524.21
203  77   517.94
204  77   513.72
205  77   500.93
206  77   487.39
207  77   475.04
208  77   470.76
209  77   463.62
210  77   457.92
211  77   454.11
212  77   450.18
213  77   448.92
214  77   450.06
215  77   459.46
216  77   457.38
217  77   454.32
218  77   456.41
219  77   460.11
220  77   463.70
221  77   459.75
222  77   457.46
223  77   450.81
224  77   440.57
225  77   433.25
226  77   430.20
227  77   426.33
228  77   417.42
229  77   411.07
230  77   413.64
231  77   413.72
232  77   414.13
233  77   409.75
234  77   409.00
235  77   412.31
236  77   411.41
237  77   408.23
238  77   411.88
239  77   417.32
240  77   427.27
241  77   431.41
242  77   429.52
243  77   428.10
244  77   434.26
245  77   435.70
246  77   433.31
247  77   435.26
248  76   445.14
249  76   443.56
250  76   445.97
251  76   446.12
252  76   445.89
253  76   444.19
254  76   446.18
255  76   456.97
256  76   473.66
257  76   482.64
258  76   497.13
259  76   506.76
260  76   509.30
261  76   515.20
262  76   530.10
263  76   548.60
264  76   560.41
265  76   569.50
266  76   578.02
267  76   597.29
268  76   616.57
269  76   623.22
270  76   626.25
271  76   627.44
272  76   629.57
273  76   627.66
274  77   629.28
275  77   637.29
276  77   641.18
277  77   643.62
278  77   643.06
279  77   644.17
280  77   648.93
281  77   659.71
282  77   672.96
283  77   678.00
284  77   682.91
285  77   680.79
286  77   682.06
287  77   690.22
288  77   694.50
289  77   694.09
290  77   698.28
291  77   693.69
292  77   690.12
293  77   685.01
294  77   672.76
295  77   661.92
296  77   649.48
297  77   633.07
298  77   621.60
299  77   619.84
300  77   613.64
301  77   603.54
302  77   597.46
303  77   585.84
304  77   579.38
305  77   575.19
306  77   569.79
307  77   567.22
308  77   564.12
309  77   558.51
310  77   550.23
311  77   541.87
312  77   530.12
313  77   522.63
314  77   520.38
315  77   515.89
316  77   516.57
317  77   513.56
318  77   507.13
319  77   502.76
320  77   496.49
321  77   494.06
322  77   490.08
323  77   482.81
324  77   476.38
325  77   469.39
326  77   460.38
327  77   447.86
328  77   436.60
329  77   435.70
330  77   437.28
331  77   432.15
332  77   424.39
333  77   419.37
334  77   413.55
335  77   414.42
336  77   417.73
337  77   425.03
338  77   437.10
339  77   442.36
340  77   451.56
341  77   454.66
342  77   448.35
343  77   439.77
344  77   429.67
345  77   428.53
346  77   432.53
347  77   431.32
348  77   433.99
349  77   433.96
350  77   427.76
351  77   417.88
352  77   406.72
353  77   401.48
354  77   403.08
355  77   406.60
356  77   408.09
357  77   412.97
358  77   418.00
359  77   422.67
360  77   420.08
361  77   410.43
362  77   401.64
363  77   394.21
364  77   392.81
365  77   392.56
